{
  "advancedEditorSelectedIdentifier" : "ProjectBrowser",
  "openSceneRelativePaths" : [
    "Immersive.usda"
  ],
  "recentIdentifiers" : {
    "1D572CEB-057A-41C3-B575-04C37501A3C0" : [

    ]
  },
  "sceneCameraHistory" : {
    "1D572CEB-057A-41C3-B575-04C37501A3C0" : [
      {
        "date" : 712394020.91803801,
        "title" : "Untitled",
        "transform" : [
          1,
          0,
          0,
          0,
          0,
          0.86602580547332764,
          -0.49999931454658508,
          0,
          0,
          0.49999931454658508,
          0.86602580547332764,
          0,
          0,
          404.03915405273438,
          700.051513671875,
          1
        ]
      },
      {
        "date" : 712394018.52552795,
        "title" : "Untitled",
        "transform" : [
          1,
          0,
          0,
          0,
          0,
          0.86602580547332764,
          -0.49999931454658508,
          0,
          0,
          0.49999931454658508,
          0.86602580547332764,
          0,
          0,
          427.49105834960938,
          740.68505859375,
          1
        ]
      },
      {
        "date" : 712392974.73131895,
        "title" : "Untitled",
        "transform" : [
          1,
          0,
          0,
          0,
          0,
          0.86602580547332764,
          -0.49999931454658508,
          0,
          0,
          0.49999931454658508,
          0.86602580547332764,
          0,
          0,
          3.7471218109130859,
          4.372866153717041,
          1
        ]
      }
    ]
  },
  "selectedSceneRelativePath" : "Immersive.usda"
}