{
  "advancedEditorSelectedIdentifier" : "ProjectBrowser",
  "openSceneRelativePaths" : [
    "Immersive.usda",
    "SunScene.usda"
  ],
  "recentIdentifiers" : {
    "1D572CEB-057A-41C3-B575-04C37501A3C0" : [

    ],
    "A595D604-38D1-435B-B2D1-59BD1E4ECFCA" : [

    ]
  },
  "sceneCameraHistory" : {
    "1D572CEB-057A-41C3-B575-04C37501A3C0" : [
      {
        "date" : 712394020.91803801,
        "title" : "Untitled",
        "transform" : [
          1,
          0,
          0,
          0,
          0,
          0.86602580547332764,
          -0.49999931454658508,
          0,
          0,
          0.49999931454658508,
          0.86602580547332764,
          0,
          0,
          404.03915405273438,
          700.051513671875,
          1
        ]
      },
      {
        "date" : 712394018.52552795,
        "title" : "Untitled",
        "transform" : [
          1,
          0,
          0,
          0,
          0,
          0.86602580547332764,
          -0.49999931454658508,
          0,
          0,
          0.49999931454658508,
          0.86602580547332764,
          0,
          0,
          427.49105834960938,
          740.68505859375,
          1
        ]
      },
      {
        "date" : 712392974.73131895,
        "title" : "Untitled",
        "transform" : [
          1,
          0,
          0,
          0,
          0,
          0.86602580547332764,
          -0.49999931454658508,
          0,
          0,
          0.49999931454658508,
          0.86602580547332764,
          0,
          0,
          3.7471218109130859,
          4.372866153717041,
          1
        ]
      }
    ],
    "03E3EF7B-06E4-455B-AAFE-433FC53BE257" : [
      {
        "date" : 713157884.84162295,
        "title" : "Untitled",
        "transform" : [
          1,
          0,
          0,
          0,
          0,
          0.86602544784545898,
          -0.49999988079071045,
          0,
          0,
          0.49999988079071045,
          0.86602544784545898,
          0,
          0,
          0.19398634135723114,
          0.33599421381950378,
          1
        ]
      }
    ],
    "A595D604-38D1-435B-B2D1-59BD1E4ECFCA" : [
      {
        "date" : 713166540.25601101,
        "title" : "Untitled",
        "transform" : [
          1,
          0,
          -0,
          0,
          -0,
          0.86602550745010376,
          -0.49999982118606567,
          0,
          0,
          0.49999982118606567,
          0.86602550745010376,
          0,
          1.1920928955078125e-07,
          1.2487912178039551,
          2.1629703044891357,
          1
        ]
      }
    ],
    "ABE1F73F-BF47-4929-BAE2-ED66F691E4EA" : [
      {
        "date" : 713157926.23751104,
        "title" : "Untitled",
        "transform" : [
          1,
          0,
          0,
          0,
          0,
          0.86602544784545898,
          -0.49999988079071045,
          0,
          0,
          0.49999988079071045,
          0.86602544784545898,
          0,
          0,
          0.19398634135723114,
          0.33599421381950378,
          1
        ]
      }
    ],
    "C0F5B1BA-7467-47A9-BABF-F27D0B43BB5A" : [
      {
        "date" : 713166434.62634695,
        "title" : "Untitled",
        "transform" : [
          1,
          0,
          0,
          0,
          0,
          0.86602550745010376,
          -0.49999982118606567,
          0,
          0,
          0.49999982118606567,
          0.86602550745010376,
          0,
          1.1920928955078125e-07,
          1.2487912178039551,
          2.1629703044891357,
          1
        ]
      }
    ],
    "F7674787-2DE4-4980-B201-94E41F0C2F98" : [
      {
        "date" : 713158468.70390403,
        "title" : "Untitled",
        "transform" : [
          1,
          0,
          0,
          0,
          0,
          0.86602532863616943,
          -0.50000011920928955,
          0,
          0,
          0.50000011920928955,
          0.86602532863616943,
          0,
          4.0605664253234863e-05,
          0.42678260803222656,
          0.7390131950378418,
          1
        ]
      }
    ]
  },
  "selectedSceneRelativePath" : "SunScene.usda"
}